,Relation Type,PAN Given,Financial Year,Total Income Shown in ITR
0,self,Y,2021 - 2022,"2021 - 2022 ** Rs 4,75,890 ~ 4 Lacs+ 2020 - 2021 ** Rs 7,20,875 ~ 7 Lacs+ 2019 - 2020 ** Rs 7,20,150 ~ 7 Lacs+ 2018 - 2019 ** Rs 2,86,340 ~ 2 Lacs+ 2017 - 2018 ** Rs 2,61,100 ~ 2 Lacs+"
1,spouse,Y,2021 - 2022,"2021 - 2022 ** Rs 11,43,18,396 ~ 11 Crore+ 2020 - 2021 ** Rs 19,16,20,629 ~ 19 Crore+ 2019 - 2020 ** Rs 8,02,67,509 ~ 8 Crore+ 2018 - 2019 ** Rs 3,55,54,304 ~ 3 Crore+ 2017 - 2018 ** Rs 67,81,359 ~ 67 Lacs+"
2,huf,N,,None ** Rs 0 ~ None ** Rs 0 ~ None ** Rs 0 ~ None ** Rs 0 ~ None ** Rs 0 ~
3,dependent1,N,,None ** Rs 0 ~ None ** Rs 0 ~ None ** Rs 0 ~ None ** Rs 0 ~ None ** Rs 0 ~
4,dependent2,N,,None ** Rs 0 ~ None ** Rs 0 ~ None ** Rs 0 ~ None ** Rs 0 ~ None ** Rs 0 ~
5,dependent3,N,,None ** Rs 0 ~ None ** Rs 0 ~ None ** Rs 0 ~ None ** Rs 0 ~ None ** Rs 0 ~
